0   0    0.016   19.833
1   0   19.834   52.805
2   0   52.806   84.005
5   0   84.012  107.305
8   0  107.315  128.998
10  0  129.005  138.956
11  0  138.961  145.587
13  0  145.594  163.863
15  0  163.872  192.118
16  0  192.127  193.787
17  0  193.796  197.106
20  0  236.099  246.223
25  1   31.096   56.180
27  1   58.097   64.857
28  1   64.858   66.494
29  1   66.496   89.908
31  1   89.918  111.606
34  1  129.007  137.371
35  1  137.372  145.727
39  1  176.097  209.461
42  1  209.476  226.207
44  1  226.217  259.317
46  1  259.329  282.488
47  1  282.493  298.905